8 8888        8  8 8888 `8.`888b           ,8' 8 8888888888   8 8888888888   8 8888
8 8888        8  8 8888  `8.`888b         ,8'  8 8888         8 8888         8 8888
8 8888        8  8 8888   `8.`888b       ,8'   8 8888         8 8888         8 8888
8 8888        8  8 8888    `8.`888b     ,8'    8 8888         8 8888         8 8888
8 8888        8  8 8888     `8.`888b   ,8'     8 888888888888 8 888888888888 8 8888
8 8888        8  8 8888      `8.`888b ,8'      8 8888         8 8888         8 8888
8 8888888888888  8 8888       `8.`888b8'       8 8888         8 8888         8 8888
8 8888        8  8 8888        `8.`888'        8 8888         8 8888         8 8888
8 8888        8  8 8888         `8.`8'         8 8888         8 8888         8 8888
8 8888        8  8 8888          `8.`          8 888888888888 8 888888888888 8 888888888888
(HiveelPay_MGR)